1.21	2.33	15.2947
3.44	3.63	19.01
2.3	2.27	17.4814
2.22	1.77	15.2336
2.29	1.94	16.9887
1.79	2.49	16.8947
2.01	2.72	16.0015
0.72	3.03	16.7878
1.12	0.13	13.3888
2.11	0.44	15.0899
0.78	1.7	16.1188
1.72	2.3	15.8762
3.38	0.2	15.2098
2.44	3.27	18.1938
3.5	0.13	15.7946
3.87	1	15.2767
3.31	3.71	18.7103
2.36	2.59	16.6154
0.33	2.77	16.6687
1.09	2.68	15.9025
0.02	2.12	15.6736
3.17	0.03	13.9973
0.47	0.16	14.3849
3.21	0.98	16.4227
2.64	3.12	16.9628
1.06	1.25	14.6196
3.04	1.63	15.326
0.63	1.57	15.1827
2.81	3.87	19.1875
0.22	1.14	14.804
3.75	0.84	14.8703
2.38	0.76	15.93
3.26	3.75	17.5616
3.75	1.83	16.1511
0.96	3.93	17.5892
3.2	3.14	17.8058
2.01	3.84	18.0169
2.13	1.27	16.2667
1.76	1.81	16.1468
2.3	1.18	16.5186
0.11	1.76	16.0293
3.88	1.74	16.7616
3.33	1.76	15.8095
1.75	3.06	16.3377
3.73	2.84	17.1971
3.81	1.59	15.7749
0.72	0.38	14.3648
0.87	2.43	15.5473
1.78	2.59	16.1326
1.13	1.2	15.3873
2.94	2.22	15.9978
0.98	0.35	13.5188
0.36	0.12	13.598
0.41	3.86	16.5293
3.66	0.52	16.319
1.44	2.79	16.8872
2.55	0.8	14.6015
0.73	2.68	17.1049
1.93	0.48	14.3479
3.98	2.93	18.6774
2.17	1.59	16.0825
2.03	0.21	14.7955
3.02	2.15	16.7862
2.54	3.64	18.6402
0.38	1.18	14.5914
2.66	2	17.2556
0.55	2.61	16.1517
0.3	1.99	15.0638
2.16	3.88	17.5402
1.27	2.81	17.4859
2.34	2.27	15.9478
3.43	1.87	16.9217
1.85	2.24	17.2643
0.08	1.3	13.7838
2.69	2.95	18.2019
2.29	0.76	14.6381
3.34	1.63	16.969
0.7	3.91	16.9692
3.92	1.09	15.145
0.82	1.26	15.6754
3.75	1.7	15.8715
1.46	1.9	15.8616
3.63	3.98	18.3099
1.47	2.99	17.6685
0.04	1.25	15.5714
2.73	3.09	16.6921
0.19	0.98	13.9745
0.97	1.57	15.0571
3.6	3.66	17.3532
1.49	2.19	15.4007
2.05	1.25	14.8805
1.58	0.43	15.0634
0.64	0.03	13.935
1.68	3.49	16.9846
3.16	3.46	18.0588
3.24	2.07	15.8578
0.11	0.29	14.4169
1.04	1.39	14.6602
2.51	0.56	14.3843
0.33	3.07	17.0447
3.15	0.13	15.0411
2.46	2.57	16.473
2.21	1.37	16.6415
1.53	0.04	13.2891
2.14	2.34	15.6552
2.58	0.82	15.0272
3.57	2.27	16.2971
1.23	2.41	16.6015
3.23	2.01	16.8985
2.26	1.92	15.208
1.83	3.13	18.1249
1.95	2.53	17.2171
1.47	2.64	15.7015
1.24	2.06	16.4436
0.27	3.64	16.9995
1.6	0.48	15.2576
3.51	3.98	19.3607
1.48	3.73	16.8484
2.89	3.88	17.8495
2.69	0.88	15.9475
3.56	0.33	15.1282
0.95	1.36	15.3907
3.91	2.1	16.2451
3.69	1.61	16.4291
0.99	1.37	15.5813
2.08	2.56	16.858
2.7	0.96	14.7902
3.69	3.47	17.6553
3.17	1.71	16.4979
0.96	1.46	15.5168
1.18	2.04	16.7956
4	0.52	15.1684
3.38	3.46	18.689
1.76	0.24	13.8174
2.29	0.6	15.0509
2.54	1.52	15.2048
0.18	1.07	14.5782
0.49	1.8	15.0019
0.34	2.8	16.1904
0.66	3.29	17.6624
0.94	2.66	16.3626
3.62	2.2	17.2732
2.82	1.68	15.9368
0.98	0.69	15.0616
3.56	3.63	18.1492
0.91	2.94	16.9129
1.8	1.65	16.301
2.03	3.32	16.9717
3.58	2.83	17.1964
2.49	0.23	14.1975
0.97	2.16	15.6399
3.62	2.84	17.197
2.58	2.78	17.7854
0.55	0.15	14.4735
2.81	3.61	17.8933
0.17	2.12	15.7401
3.69	2.5	16.5879
2.79	1.48	15.8305
3.95	0.63	16.2141
0.43	2.21	15.0695
1.67	3.19	17.4245
1.23	0.91	15.5115
2.88	0.8	16.0868
3.11	3.04	18.2069
3.73	3.55	17.9303
0.1	0.74	13.6118
3.96	2.05	17.8846
2.67	1.13	15.0543
3.32	0.18	15.6068
1.09	2.76	17.2961
2.69	2.88	18.2125
0.69	0.09	14.0407
0.37	3.95	18.0907
3.78	3.92	17.8462
1.18	3.27	16.2072
0.85	0	13.5385
1.52	3.77	17.4566
0.47	1.42	15.8141
0.36	3.54	16.1494
0.12	3.85	17.9012
3.67	3.97	18.2021
2.45	0.41	13.9417
1.36	1.23	15.4142
0.04	2.13	15.561
3.23	1.61	15.4355
2.08	1.92	15.8392
2.42	2.2	16.5612
3.07	3.06	16.8739
1.7	0.43	15.5526
2.84	1.18	15.42
3.78	2.78	18.4924
1.4	3.9	17.857
2.51	1.36	15.4003
1.05	2.56	16.1907
0.55	3.85	16.3225
2.91	1.01	15.8923
3.56	1.5	15.7296
0.34	2.55	15.6004
0.13	2.23	16.2199
1.07	2.85	17.5157
